x <- c(10,20,30,40,50,60,70,80,90,100,110,120)
arr <- array(x, dim=c(4,3))
arr
 
x <- c(10,20,30,40,50,60,70,80,90,100,110,120)
 
brr <- array(x, dim=c(2,2,3))
brr